2.019107	6.005910	17.194463	0.100004	0.100037
2.210141	6.065120	17.251759	0.100435	0.104416
2.401117	6.124520	17.309055	0.101572	0.116090
2.592033	6.184111	17.366351	0.103422	0.135052
2.782889	6.243893	17.423647	0.105991	0.161296
2.973686	6.303865	17.480942	0.109287	0.194816
3.164422	6.364029	17.538238	0.113317	0.235606
3.355098	6.424383	17.595534	0.118088	0.283660
3.545714	6.484928	17.652830	0.123606	0.338971
3.736269	6.545664	17.710125	0.129879	0.401534
3.926763	6.606590	17.767421	0.136914	0.471341
4.117196	6.667706	17.824717	0.144717	0.548387
4.307568	6.729013	17.882013	0.153296	0.632665
4.497878	6.790510	17.939309	0.162657	0.724169
4.688127	6.852198	17.996604	0.172809	0.822893
4.878314	6.914075	18.053900	0.183758	0.928829
5.068439	6.976143	18.111196	0.195510	1.041972
5.258502	7.038401	18.168492	0.208075	1.162315
5.448503	7.100849	18.225787	0.221457	1.289852
5.638441	7.163487	18.283083	0.235665	1.424576
5.828317	7.226315	18.340379	0.250707	1.566480
6.018129	7.289333	18.397675	0.266588	1.715558
6.207878	7.352540	18.454971	0.283317	1.871803
6.397564	7.415938	18.512266	0.300900	2.035209
6.587187	7.479524	18.569562	0.319345	2.205769
6.776746	7.543301	18.626858	0.338660	2.383476
6.966241	7.607267	18.684154	0.358851	2.568324
7.155672	7.671422	18.741449	0.379926	2.760305
7.345038	7.735767	18.798745	0.401892	2.959413
7.534341	7.800301	18.856041	0.424757	3.165642
7.723578	7.865025	18.913337	0.448528	3.378983
7.912751	7.929937	18.970633	0.473213	3.599431
8.101859	7.995039	19.027928	0.498819	3.826979
8.290901	8.060330	19.085224	0.525353	4.061619
8.479878	8.125810	19.142520	0.552823	4.303345
8.668790	8.191479	19.199816	0.581237	4.552150
8.857636	8.257336	19.257111	0.610601	4.808026
9.046416	8.323383	19.314407	0.640924	5.070967
9.235130	8.389618	19.371703	0.672213	5.340965
9.423777	8.456042	19.428999	0.704476	5.618014
9.612358	8.522655	19.486295	0.737720	5.902106
9.800872	8.589456	19.543590	0.771953	6.193234
9.989320	8.656445	19.600886	0.807183	6.491392
10.177700	8.723623	19.658182	0.843416	6.796571
10.366013	8.790990	19.715478	0.880662	7.108765
10.554258	8.858544	19.772774	0.918927	7.427966
10.742436	8.926287	19.830069	0.958219	7.754168
10.930546	8.994218	19.887365	0.998547	8.087362
11.118588	9.062337	19.944661	1.039917	8.427542
11.306562	9.130644	20.001957	1.082337	8.774700
11.494467	9.199139	20.059252	1.125816	9.128828
11.682304	9.267822	20.116548	1.170362	9.489920
11.870072	9.336693	20.173844	1.215981	9.857968
12.057771	9.405751	20.231140	1.262682	10.232964
12.245401	9.474997	20.288436	1.310472	10.614901
12.432962	9.544431	20.345731	1.359360	11.003772
12.620453	9.614052	20.403027	1.409354	11.399568
12.807874	9.683861	20.460323	1.460461	11.802283
12.995225	9.753857	20.517619	1.512689	12.211908
13.182507	9.824040	20.574914	1.566046	12.628437
13.369718	9.894411	20.632210	1.620541	13.051861
13.556858	9.964969	20.689506	1.676181	13.482172
13.743928	10.035714	20.746802	1.732974	13.919364
13.930927	10.106646	20.804098	1.790929	14.363428
14.117855	10.177765	20.861393	1.850053	14.814357
14.304712	10.249070	20.918689	1.910354	15.272142
14.491498	10.320563	20.975985	1.971841	15.736777
14.678211	10.392242	21.033281	2.034521	16.208252
14.864854	10.464108	21.090576	2.098403	16.686561
15.051424	10.536161	21.147872	2.163495	17.171695
15.237922	10.608400	21.205168	2.229805	17.663647
15.424347	10.680826	21.262464	2.297341	18.162408
15.610700	10.753438	21.319760	2.366112	18.667971
15.796981	10.826236	21.377055	2.436125	19.180328
15.983188	10.899221	21.434351	2.507389	19.699470
16.169323	10.972391	21.491647	2.579912	20.225389
16.355384	11.045748	21.548943	2.653702	20.758078
16.541372	11.119291	21.606238	2.728768	21.297529
16.727286	11.193020	21.663534	2.805118	21.843733
16.913126	11.266935	21.720830	2.882760	22.396681
17.098893	11.341035	21.778126	2.961702	22.956367
17.284585	11.415321	21.835422	3.041954	23.522782
17.470202	11.489793	21.892717	3.123523	24.095917
17.655745	11.564451	21.950013	3.206417	24.675764
17.841214	11.639294	22.007309	3.290646	25.262315
18.026607	11.714322	22.064605	3.376217	25.855562
18.211926	11.789536	22.121900	3.463139	26.455497
18.397169	11.864935	22.179196	3.551421	27.062110
18.582336	11.940519	22.236492	3.641070	27.675395
18.767428	12.016289	22.293788	3.732096	28.295341
18.952444	12.092243	22.351084	3.824506	28.921941
19.137384	12.168382	22.408379	3.918310	29.555187
19.322248	12.244707	22.465675	4.013516	30.195069
19.507035	12.321216	22.522971	4.110133	30.841580
19.691746	12.397910	22.580267	4.208169	31.494711
19.876380	12.474788	22.637562	4.307632	32.154453
20.060937	12.551851	22.694858	4.408532	32.820798
20.245416	12.629099	22.752154	4.510876	33.493737
20.429819	12.706531	22.809450	4.614674	34.173262
20.614144	12.784148	22.866746	4.719935	34.859363
20.798391	12.861948	22.924041	4.826666	35.552033
