2.019364	6.005990	0.300561	2.019107	6.005910	0.300100
2.038188	6.011824	0.298789	2.038213	6.011823	0.300200
2.057872	6.017887	0.298899	2.057318	6.017737	0.300300
2.075403	6.023289	0.300055	2.076423	6.023653	0.300400
2.093464	6.028877	0.300816	2.095528	6.029571	0.300500
2.114810	6.035499	0.299866	2.114632	6.035491	0.300600
2.136757	6.042285	0.297407	2.133735	6.041413	0.300700
2.154683	6.047780	0.296678	2.152837	6.047337	0.300800
2.172777	6.053311	0.296149	2.171939	6.053262	0.300900
2.190206	6.058629	0.297268	2.191041	6.059190	0.301000
2.209979	6.064686	0.299477	2.210141	6.065120	0.301100
2.228166	6.070302	0.299456	2.229242	6.071051	0.301200
2.246727	6.076032	0.298496	2.248341	6.076984	0.301300
2.265133	6.081696	0.296295	2.267440	6.082920	0.301400
2.287045	6.088385	0.297320	2.286539	6.088857	0.301500
2.306050	6.094208	0.298775	2.305637	6.094796	0.301600
2.328061	6.100987	0.299884	2.324734	6.100737	0.301700
2.346703	6.106752	0.300181	2.343831	6.106680	0.301800
2.366648	6.112925	0.300153	2.362927	6.112624	0.301900
2.386593	6.119098	0.300899	2.382022	6.118571	0.302000
2.409088	6.126079	0.301468	2.401117	6.124520	0.302100
2.424966	6.131016	0.300955	2.420211	6.130470	0.302200
2.444352	6.137033	0.302592	2.439305	6.136423	0.302300
2.463246	6.142931	0.303316	2.458398	6.142377	0.302400
2.484391	6.149549	0.304588	2.477490	6.148333	0.302500
2.505704	6.156249	0.302638	2.496582	6.154291	0.302600
2.525055	6.162291	0.301023	2.515674	6.160251	0.302700
2.541377	6.167359	0.300008	2.534764	6.166213	0.302800
2.557160	6.172241	0.298521	2.553854	6.172177	0.302900
2.578424	6.178784	0.297141	2.572944	6.178143	0.303000
2.596156	6.184214	0.297128	2.592033	6.184111	0.303100
2.618114	6.190938	0.297983	2.611121	6.190080	0.303200
2.637858	6.197001	0.298007	2.630209	6.196052	0.303300
2.658858	6.203451	0.297069	2.649296	6.202025	0.303400
2.678726	6.209534	0.297624	2.668383	6.208001	0.303500
2.693862	6.214176	0.297967	2.687468	6.213978	0.303600
2.718556	6.221760	0.294863	2.706554	6.219957	0.303700
2.738220	6.227732	0.295235	2.725639	6.225938	0.303800
2.753346	6.232333	0.295646	2.744723	6.231921	0.303900
2.776041	6.239245	0.296801	2.763806	6.237906	0.304000
2.795941	6.245331	0.298320	2.782889	6.243893	0.304100
2.815055	6.251208	0.297339	2.801971	6.249881	0.304200
2.834418	6.257142	0.296869	2.821053	6.255872	0.304300
2.852858	6.262783	0.297357	2.840134	6.261864	0.304400
2.873668	6.269160	0.297661	2.859215	6.267859	0.304500
2.891575	6.274653	0.297084	2.878295	6.273855	0.304600
2.906008	6.279072	0.296804	2.897374	6.279853	0.304700
2.927729	6.285715	0.296589	2.916453	6.285854	0.304800
2.949451	6.292353	0.298012	2.935531	6.291856	0.304900
2.967406	6.297868	0.298132	2.954609	6.297860	0.305000
2.986126	6.303621	0.298513	2.973686	6.303865	0.305100
3.005067	6.309449	0.297001	2.992762	6.309873	0.305200
3.023587	6.315117	0.296830	3.011838	6.315883	0.305300
3.044214	6.321426	0.297284	3.030913	6.321894	0.305400
3.063224	6.327250	0.297330	3.049987	6.327908	0.305500
3.078953	6.332070	0.295892	3.069061	6.333923	0.305600
3.098331	6.337977	0.295604	3.088135	6.339941	0.305700
3.118203	6.344029	0.297248	3.107207	6.345960	0.305800
3.136093	6.349509	0.296447	3.126279	6.351981	0.305900
3.155367	6.355396	0.294865	3.145351	6.358004	0.306000
3.173379	6.360866	0.292591	3.164422	6.364029	0.306100
3.191794	6.366414	0.292561	3.183492	6.370056	0.306200
3.213195	6.372860	0.291717	3.202562	6.376085	0.306300
3.233240	6.378879	0.290268	3.221631	6.382115	0.306400
3.254437	6.385211	0.289280	3.240700	6.388148	0.306500
3.272601	6.390617	0.290907	3.259767	6.394182	0.306600
3.288179	6.395281	0.290982	3.278835	6.400219	0.306700
3.306581	6.400792	0.291969	3.297901	6.406257	0.306800
3.324910	6.406301	0.293051	3.316968	6.412297	0.306900
3.344595	6.412241	0.292868	3.336033	6.418339	0.307000
3.365046	6.418407	0.291843	3.355098	6.424383	0.307100
3.383766	6.424031	0.292080	3.374162	6.430429	0.307200
3.402843	6.429767	0.292053	3.393226	6.436477	0.307300
3.421668	6.435427	0.293668	3.412289	6.442527	0.307400
3.440107	6.441003	0.293618	3.431351	6.448578	0.307500
3.459309	6.446809	0.294701	3.450413	6.454632	0.307600
3.477619	6.452367	0.294673	3.469475	6.460687	0.307700
3.495638	6.457836	0.296193	3.488535	6.466745	0.307800
3.515242	6.463818	0.297444	3.507595	6.472804	0.307900
3.533017	6.469267	0.299359	3.526655	6.478865	0.308000
3.550504	6.474664	0.300626	3.545714	6.484928	0.308100
3.572137	6.481371	0.301742	3.564772	6.490993	0.308200
3.590148	6.486977	0.301338	3.583829	6.497060	0.308300
3.609127	6.492875	0.301889	3.602886	6.503129	0.308400
3.627263	6.498523	0.301054	3.621943	6.509199	0.308500
3.648179	6.505017	0.302978	3.640999	6.515272	0.308600
3.666623	6.510783	0.302290	3.660054	6.521347	0.308700
3.686186	6.516884	0.303275	3.679108	6.527423	0.308800
3.704534	6.522625	0.302090	3.698162	6.533501	0.308900
3.723154	6.528428	0.301274	3.717216	6.539582	0.309000
3.739651	6.533554	0.300977	3.736269	6.545664	0.309100
3.759760	6.539796	0.299827	3.755321	6.551748	0.309200
3.776582	6.544996	0.300882	3.774372	6.557834	0.309300
3.795083	6.550737	0.299576	3.793423	6.563921	0.309400
3.815025	6.556897	0.299727	3.812473	6.570011	0.309500
3.833055	6.562469	0.299533	3.831523	6.576103	0.309600
3.850769	6.567939	0.299239	3.850572	6.582196	0.309700
3.872043	6.574502	0.298637	3.869621	6.588292	0.309800
3.890315	6.580127	0.298624	3.888669	6.594389	0.309900
3.910517	6.586346	0.298725	3.907716	6.600488	0.310000
3.929183	6.592094	0.300163	3.926763	6.606590	0.310100
3.946730	6.597525	0.299383	3.945809	6.612693	0.310200
3.969195	6.604459	0.298891	3.964854	6.618798	0.310300
3.986964	6.609934	0.297512	3.983899	6.624905	0.310400
4.006455	6.615910	0.299970	4.002943	6.631013	0.310500
4.025362	6.621758	0.299486	4.021987	6.637124	0.310600
4.049890	6.629332	0.298815	4.041030	6.643237	0.310700
4.064674	6.633886	0.297738	4.060072	6.649351	0.310800
4.088704	6.641260	0.298602	4.079114	6.655468	0.310900
4.107940	6.647181	0.297874	4.098155	6.661586	0.311000
4.124808	6.652359	0.298022	4.117196	6.667706	0.311100
4.141728	6.657557	0.298743	4.136236	6.673828	0.311200
4.158483	6.662717	0.297920	4.155275	6.679952	0.311300
4.179477	6.669163	0.298640	4.174314	6.686078	0.311400
4.199902	6.675451	0.299119	4.193352	6.692206	0.311500
4.218780	6.681272	0.298271	4.212389	6.698336	0.311600
4.232953	6.685629	0.298409	4.231426	6.704467	0.311700
4.249932	6.690852	0.296872	4.250463	6.710601	0.311800
4.270614	6.697179	0.296563	4.269498	6.716736	0.311900
4.292583	6.703892	0.295428	4.288533	6.722874	0.312000
4.313060	6.710124	0.295750	4.307568	6.729013	0.312100
4.331358	6.715699	0.296622	4.326602	6.735154	0.312200
4.349590	6.721272	0.296143	4.345635	6.741297	0.312300
4.370784	6.727738	0.297130	4.364667	6.747442	0.312400
4.389853	6.733577	0.297578	4.383699	6.753589	0.312500
4.406491	6.738680	0.297387	4.402731	6.759738	0.312600
4.426555	6.744829	0.297218	4.421761	6.765888	0.312700
4.443282	6.749952	0.298262	4.440791	6.772041	0.312800
4.462512	6.755864	0.297358	4.459821	6.778196	0.312900
4.482472	6.761980	0.297725	4.478850	6.784352	0.313000
4.504794	6.768830	0.297099	4.497878	6.790510	0.313100
4.527851	6.775889	0.296836	4.516906	6.796670	0.313200
4.545301	6.781227	0.296487	4.535933	6.802832	0.313300
4.565977	6.787543	0.297048	4.554959	6.808996	0.313400
4.586484	6.793820	0.298319	4.573985	6.815162	0.313500
4.604922	6.799490	0.299271	4.593010	6.821330	0.313600
4.628123	6.806648	0.299132	4.612035	6.827500	0.313700
4.645910	6.812134	0.302581	4.631059	6.833671	0.313800
4.662704	6.817376	0.302041	4.650082	6.839845	0.313900
4.680273	6.822850	0.301619	4.669105	6.846020	0.314000
4.702329	6.829712	0.302091	4.688127	6.852198	0.314100
4.722675	6.836052	0.302868	4.707149	6.858377	0.314200
4.740594	6.841652	0.303117	4.726169	6.864558	0.314300
4.760112	6.847756	0.303209	4.745190	6.870741	0.314400
4.780990	6.854288	0.302625	4.764209	6.876926	0.314500
4.800225	6.860293	0.303355	4.783228	6.883113	0.314600
4.818862	6.866127	0.303008	4.802247	6.889302	0.314700
4.839412	6.872552	0.304006	4.821265	6.895492	0.314800
4.860737	6.879242	0.303534	4.840282	6.901685	0.314900
4.877383	6.884456	0.303744	4.859298	6.907879	0.315000
4.896376	6.890409	0.301096	4.878314	6.914075	0.315100
4.918472	6.897271	0.300738	4.897330	6.920274	0.315200
4.940161	6.903997	0.300209	4.916344	6.926474	0.315300
4.958282	6.909607	0.300506	4.935358	6.932676	0.315400
4.978308	6.915813	0.299580	4.954372	6.938880	0.315500
5.001674	6.923030	0.298482	4.973385	6.945086	0.315600
5.024197	6.929960	0.297808	4.992397	6.951293	0.315700
5.043560	6.935903	0.296732	5.011408	6.957503	0.315800
5.064260	6.942232	0.296292	5.030419	6.963714	0.315900
5.085529	6.948725	0.296625	5.049430	6.969928	0.316000
5.108218	6.955660	0.295020	5.068439	6.976143	0.316100
5.126615	6.961250	0.295313	5.087448	6.982361	0.316200
5.147511	6.967607	0.294655	5.106457	6.988580	0.316300
5.164833	6.972864	0.292230	5.125465	6.994801	0.316400
5.184263	6.978710	0.293250	5.144472	7.001024	0.316500
5.202323	6.984163	0.293329	5.163479	7.007249	0.316600
5.223361	6.990517	0.293148	5.182485	7.013475	0.316700
5.241228	6.995910	0.291744	5.201490	7.019704	0.316800
5.257374	7.000759	0.290568	5.220495	7.025934	0.316900
5.276648	7.006523	0.291540	5.239499	7.032167	0.317000
5.295560	7.012198	0.292099	5.258502	7.038401	0.317100
5.314698	7.017953	0.292147	5.277505	7.044637	0.317200
5.331929	7.023135	0.292988	5.296508	7.050876	0.317300
5.349760	7.028514	0.292477	5.315509	7.057116	0.317400
5.364004	7.032803	0.292786	5.334510	7.063358	0.317500
5.382430	7.038358	0.291412	5.353511	7.069601	0.317600
5.399747	7.043552	0.293109	5.372510	7.075847	0.317700
5.420790	7.049903	0.293477	5.391509	7.082095	0.317800
5.441969	7.056303	0.293804	5.410508	7.088344	0.317900
5.459979	7.061752	0.294842	5.429506	7.094596	0.318000
5.482511	7.068595	0.294205	5.448503	7.100849	0.318100
5.503644	7.074998	0.293980	5.467500	7.107104	0.318200
5.522070	7.080577	0.293766	5.486496	7.113362	0.318300
5.541559	7.086473	0.292479	5.505491	7.119621	0.318400
5.558226	7.091491	0.292196	5.524486	7.125882	0.318500
5.575302	7.096628	0.293243	5.543480	7.132144	0.318600
5.595712	7.102791	0.292630	5.562473	7.138409	0.318700
5.615766	7.108833	0.293334	5.581466	7.144676	0.318800
5.632753	7.113963	0.293956	5.600459	7.150944	0.318900
5.650847	7.119441	0.294442	5.619450	7.157215	0.319000
5.666176	7.124089	0.294737	5.638441	7.163487	0.319100
5.684303	7.129593	0.296051	5.657432	7.169761	0.319200
5.702920	7.135271	0.293551	5.676421	7.176038	0.319300
5.721388	7.140854	0.293398	5.695410	7.182316	0.319400
5.739197	7.146234	0.293769	5.714399	7.188596	0.319500
5.760767	7.152759	0.294148	5.733387	7.194877	0.319600
5.778972	7.158274	0.294341	5.752374	7.201161	0.319700
5.797836	7.163993	0.294061	5.771360	7.207447	0.319800
5.818330	7.170199	0.294545	5.790346	7.213734	0.319900
5.840228	7.176842	0.294783	5.809332	7.220024	0.320000
5.860035	7.182856	0.294528	5.828317	7.226315	0.320100
5.878800	7.188549	0.293903	5.847301	7.232608	0.320200
5.898415	7.194486	0.294009	5.866284	7.238903	0.320300
5.920132	7.201061	0.294801	5.885267	7.245200	0.320400
5.937504	7.206336	0.294971	5.904249	7.251499	0.320500
5.957487	7.212408	0.295319	5.923231	7.257800	0.320600
5.979480	7.219098	0.296439	5.942212	7.264103	0.320700
5.998558	7.224925	0.296445	5.961192	7.270408	0.320800
6.019088	7.231196	0.295641	5.980172	7.276714	0.320900
6.038733	7.237179	0.295936	5.999151	7.283022	0.321000
6.060235	7.243735	0.294952	6.018129	7.289333	0.321100
6.077279	7.248913	0.292511	6.037107	7.295645	0.321200
6.098739	7.255376	0.293000	6.056084	7.301959	0.321300
6.118312	7.261281	0.292118	6.075060	7.308275	0.321400
6.136612	7.266784	0.292279	6.094036	7.314593	0.321500
6.155655	7.272514	0.291535	6.113012	7.320913	0.321600
6.176173	7.278671	0.291030	6.131986	7.327235	0.321700
6.196956	7.284897	0.290343	6.150960	7.333558	0.321800
6.212569	7.289561	0.289462	6.169933	7.339884	0.321900
6.227494	7.294006	0.290089	6.188906	7.346211	0.322000
6.244835	7.299183	0.289605	6.207878	7.352540	0.322100
6.263028	7.304604	0.289288	6.226850	7.358871	0.322200
6.282032	7.310260	0.289097	6.245821	7.365205	0.322300
6.300352	7.315709	0.290651	6.264791	7.371540	0.322400
6.319008	7.321290	0.291390	6.283760	7.377876	0.322500
6.337257	7.326763	0.290736	6.302729	7.384215	0.322600
6.357140	7.332712	0.293445	6.321698	7.390556	0.322700
6.378804	7.339259	0.293458	6.340665	7.396898	0.322800
6.395471	7.344295	0.294409	6.359632	7.403243	0.322900
6.415152	7.350263	0.293800	6.378599	7.409589	0.323000
6.436578	7.356745	0.293424	6.397564	7.415938	0.323100
6.459773	7.363753	0.293419	6.416529	7.422288	0.323200
6.475667	7.368556	0.293806	6.435494	7.428640	0.323300
6.497998	7.375312	0.292930	6.454458	7.434994	0.323400
6.515414	7.380565	0.293172	6.473421	7.441349	0.323500
6.529020	7.384672	0.293315	6.492384	7.447707	0.323600
6.551521	7.391468	0.292344	6.511345	7.454067	0.323700
6.569242	7.396802	0.293186	6.530307	7.460428	0.323800
6.588366	7.402575	0.292477	6.549267	7.466792	0.323900
6.607691	7.408394	0.293796	6.568227	7.473157	0.324000
6.628290	7.414626	0.294968	6.587187	7.479524	0.324100
6.648397	7.420735	0.294757	6.606146	7.485893	0.324200
6.670512	7.427449	0.295044	6.625104	7.492264	0.324300
6.688281	7.432850	0.294648	6.644061	7.498637	0.324400
6.706567	7.438399	0.294422	6.663018	7.505012	0.324500
6.723570	7.443555	0.293437	6.681974	7.511389	0.324600
6.742025	7.449131	0.292624	6.700930	7.517768	0.324700
6.761023	7.454855	0.292610	6.719885	7.524148	0.324800
6.780042	7.460584	0.293555	6.738839	7.530530	0.324900
6.800808	7.466862	0.294574	6.757793	7.536915	0.325000
6.821539	7.473152	0.294558	6.776746	7.543301	0.325100
6.843082	7.479687	0.294007	6.795698	7.549689	0.325200
6.861111	7.485146	0.293883	6.814650	7.556079	0.325300
6.882139	7.491511	0.294930	6.833601	7.562471	0.325400
6.901646	7.497437	0.294791	6.852551	7.568864	0.325500
6.919873	7.502971	0.294305	6.871501	7.575260	0.325600
6.941320	7.509471	0.294276	6.890450	7.581658	0.325700
6.959446	7.514965	0.294111	6.909399	7.588057	0.325800
6.978483	7.520731	0.294014	6.928347	7.594458	0.325900
7.001130	7.527588	0.294948	6.947294	7.600862	0.326000
7.019922	7.533298	0.294658	6.966241	7.607267	0.326100
7.037871	7.538745	0.295763	6.985187	7.613674	0.326200
7.052527	7.543211	0.295555	7.004132	7.620083	0.326300
7.073090	7.549472	0.295543	7.023077	7.626494	0.326400
7.091689	7.555134	0.294873	7.042021	7.632906	0.326500
7.111422	7.561128	0.293106	7.060964	7.639321	0.326600
7.128336	7.566232	0.291354	7.079907	7.645737	0.326700
7.145935	7.571510	0.292438	7.098849	7.652156	0.326800
7.167132	7.577892	0.291371	7.117791	7.658576	0.326900
7.184935	7.583231	0.290979	7.136731	7.664998	0.327000
7.205850	7.589495	0.291755	7.155672	7.671422	0.327100
7.227664	7.596046	0.292047	7.174611	7.677848	0.327200
7.248076	7.602183	0.292309	7.193550	7.684276	0.327300
7.270273	7.608863	0.291892	7.212488	7.690706	0.327400
7.288810	7.614432	0.292066	7.231426	7.697137	0.327500
7.304415	7.619124	0.292805	7.250363	7.703571	0.327600
7.321431	7.624254	0.293305	7.269299	7.710006	0.327700
7.340596	7.630042	0.293606	7.288235	7.716444	0.327800
7.360231	7.635979	0.294982	7.307170	7.722883	0.327900
7.380819	7.642234	0.293850	7.326105	7.729324	0.328000
7.397565	7.647302	0.292996	7.345038	7.735767	0.328100
7.418380	7.653581	0.295014	7.363971	7.742212	0.328200
7.439340	7.659951	0.295317	7.382904	7.748659	0.328300
7.460963	7.666528	0.295291	7.401836	7.755107	0.328400
7.477013	7.671411	0.295364	7.420767	7.761558	0.328500
7.498890	7.678067	0.296986	7.439697	7.768011	0.328600
7.517547	7.683777	0.296146	7.458627	7.774465	0.328700
7.538440	7.690152	0.295434	7.477557	7.780921	0.328800
7.558768	7.696338	0.296869	7.496485	7.787379	0.328900
7.576585	7.701789	0.297488	7.515413	7.793839	0.329000
7.591077	7.706232	0.297489	7.534341	7.800301	0.329100
7.610174	7.712087	0.297677	7.553267	7.806765	0.329200
7.629335	7.717965	0.296882	7.572193	7.813231	0.329300
7.645279	7.722843	0.297716	7.591119	7.819698	0.329400
7.663381	7.728397	0.298451	7.610043	7.826168	0.329500
7.686121	7.735393	0.298818	7.628967	7.832639	0.329600
7.704386	7.741019	0.300102	7.647891	7.839113	0.329700
7.724489	7.747240	0.299931	7.666814	7.845588	0.329800
7.744122	7.753312	0.300325	7.685736	7.852065	0.329900
7.761994	7.758847	0.299827	7.704657	7.858544	0.330000
7.782383	7.765150	0.299756	7.723578	7.865025	0.330100
7.800181	7.770651	0.299097	7.742498	7.871508	0.330200
7.820651	7.776962	0.298845	7.761418	7.877992	0.330300
7.836487	7.781841	0.300028	7.780337	7.884479	0.330400
7.854743	7.787489	0.300598	7.799255	7.890967	0.330500
7.871439	7.792664	0.300272	7.818173	7.897457	0.330600
7.888585	7.797974	0.301069	7.837090	7.903950	0.330700
7.905866	7.803340	0.301370	7.856006	7.910444	0.330800
7.923551	7.808837	0.301221	7.874922	7.916940	0.330900
7.940847	7.814210	0.300719	7.893837	7.923438	0.331000
7.960210	7.820215	0.298761	7.912751	7.929937	0.331100
7.978272	7.825778	0.299464	7.931665	7.936439	0.331200
7.997953	7.831854	0.300842	7.950578	7.942943	0.331300
8.015226	7.837213	0.301685	7.969490	7.949448	0.331400
8.035775	7.843608	0.303503	7.988402	7.955955	0.331500
8.057101	7.850287	0.303902	8.007313	7.962465	0.331600
8.076067	7.856235	0.304433	8.026223	7.968976	0.331700
8.098051	7.863142	0.304619	8.045133	7.975489	0.331800
8.115836	7.868734	0.304599	8.064042	7.982004	0.331900
8.134523	7.874609	0.306193	8.082951	7.988521	0.332000
8.150315	7.879601	0.304011	8.101859	7.995039	0.332100
8.168506	7.885308	0.304401	8.120766	8.001560	0.332200
8.187541	7.891288	0.304196	8.139672	8.008082	0.332300
8.205947	7.897067	0.303551	8.158578	8.014607	0.332400
8.219926	7.901445	0.304835	8.177484	8.021133	0.332500
8.242912	7.908678	0.305291	8.196388	8.027661	0.332600
8.263629	7.915207	0.305548	8.215292	8.034191	0.332700
8.282852	7.921270	0.305812	8.234195	8.040723	0.332800
8.303237	7.927706	0.306488	8.253098	8.047257	0.332900
8.323954	7.934262	0.308151	8.272000	8.053792	0.333000
8.344488	7.940798	0.307402	8.290901	8.060330	0.333100
8.363771	7.946919	0.307726	8.309802	8.066870	0.333200
8.385559	7.953844	0.306818	8.328702	8.073411	0.333300
8.406014	7.960325	0.305756	8.347601	8.079954	0.333400
8.428700	7.967486	0.306422	8.366500	8.086499	0.333500
8.449659	7.974117	0.307712	8.385398	8.093046	0.333600
8.470295	7.980675	0.306202	8.404295	8.099595	0.333700
8.489384	7.986710	0.308391	8.423192	8.106146	0.333800
8.511115	7.993632	0.308009	8.442088	8.112699	0.333900
8.533862	8.000869	0.309560	8.460984	8.119253	0.334000
8.552929	8.006967	0.309774	8.479878	8.125810	0.334100
8.570666	8.012645	0.308586	8.498773	8.132368	0.334200
8.585830	8.017478	0.307711	8.517666	8.138929	0.334300
8.604256	8.023334	0.307474	8.536559	8.145491	0.334400
8.621616	8.028847	0.307067	8.555451	8.152055	0.334500
8.642968	8.035617	0.307353	8.574343	8.158621	0.334600
8.661604	8.041533	0.307398	8.593233	8.165189	0.334700
8.679076	8.047079	0.309598	8.612124	8.171758	0.334800
8.695347	8.052284	0.308791	8.631013	8.178330	0.334900
8.714039	8.058247	0.308682	8.649902	8.184903	0.335000
8.731178	8.063712	0.307413	8.668790	8.191479	0.335100
8.750188	8.069747	0.306588	8.687678	8.198056	0.335200
8.767010	8.075073	0.305931	8.706565	8.204635	0.335300
8.784477	8.080590	0.306111	8.725451	8.211216	0.335400
8.804085	8.086787	0.306739	8.744336	8.217799	0.335500
8.824031	8.093104	0.306960	8.763221	8.224384	0.335600
8.842780	8.099047	0.306932	8.782106	8.230971	0.335700
8.862355	8.105251	0.307936	8.800989	8.237559	0.335800
8.877679	8.110126	0.308106	8.819872	8.244150	0.335900
8.898310	8.116691	0.307694	8.838754	8.250742	0.336000
8.919654	8.123474	0.308621	8.857636	8.257336	0.336100
8.937425	8.129140	0.308995	8.876517	8.263933	0.336200
8.958873	8.135986	0.308844	8.895397	8.270531	0.336300
8.980055	8.142744	0.308892	8.914277	8.277131	0.336400
9.000428	8.149245	0.309256	8.933156	8.283732	0.336500
9.019881	8.155461	0.309639	8.952034	8.290336	0.336600
9.038564	8.161438	0.308709	8.970912	8.296942	0.336700
9.058312	8.167736	0.310635	8.989789	8.303549	0.336800
9.077327	8.173840	0.311216	9.008665	8.310159	0.336900
9.096821	8.180111	0.311511	9.027541	8.316770	0.337000
9.112634	8.185203	0.312189	9.046416	8.323383	0.337100
9.135384	8.192545	0.312039	9.065290	8.329998	0.337200
9.154910	8.198843	0.312459	9.084164	8.336615	0.337300
9.170225	8.203791	0.312092	9.103037	8.343234	0.337400
9.187106	8.209237	0.311315	9.121909	8.349854	0.337500
9.204232	8.214748	0.309685	9.140781	8.356477	0.337600
9.223092	8.220783	0.309529	9.159652	8.363102	0.337700
9.238856	8.225824	0.311095	9.178522	8.369728	0.337800
9.257440	8.231800	0.313035	9.197392	8.376356	0.337900
9.276139	8.237852	0.315427	9.216261	8.382986	0.338000
9.294026	8.243689	0.314575	9.235130	8.389618	0.338100
9.313496	8.250024	0.315070	9.253997	8.396252	0.338200
9.336071	8.257382	0.316411	9.272864	8.402888	0.338300
9.353164	8.262979	0.316990	9.291731	8.409526	0.338400
9.375588	8.270335	0.316518	9.310597	8.416165	0.338500
9.393616	8.276240	0.317396	9.329462	8.422807	0.338600
9.412842	8.282555	0.316549	9.348326	8.429450	0.338700
9.431367	8.288623	0.316348	9.367190	8.436095	0.338800
9.450002	8.294723	0.314517	9.386053	8.442742	0.338900
9.468975	8.300896	0.314801	9.404915	8.449391	0.339000
9.485071	8.306137	0.315180	9.423777	8.456042	0.339100
9.500978	8.311323	0.313782	9.442638	8.462695	0.339200
9.518369	8.316967	0.312376	9.461499	8.469350	0.339300
9.534684	8.322236	0.313442	9.480358	8.476006	0.339400
9.552992	8.328170	0.314222	9.499217	8.482665	0.339500
9.569202	8.333438	0.314744	9.518076	8.489325	0.339600
9.589649	8.340095	0.314360	9.536934	8.495987	0.339700
9.612042	8.347376	0.314899	9.555791	8.502651	0.339800
9.630951	8.353535	0.315842	9.574647	8.509317	0.339900
9.651650	8.360299	0.316176	9.593503	8.515985	0.340000
9.669536	8.366150	0.314727	9.612358	8.522655	0.340100
9.691760	8.373385	0.314985	9.631212	8.529326	0.340200
9.710680	8.379550	0.315322	9.650066	8.536000	0.340300
9.728836	8.385473	0.315244	9.668919	8.542675	0.340400
9.747934	8.391701	0.315615	9.687772	8.549353	0.340500
9.764785	8.397203	0.316040	9.706623	8.556032	0.340600
9.784739	8.403728	0.315864	9.725475	8.562713	0.340700
9.805712	8.410582	0.316468	9.744325	8.569396	0.340800
9.825733	8.417139	0.317495	9.763175	8.576081	0.340900
9.846529	8.423973	0.318311	9.782024	8.582767	0.341000
9.867814	8.430986	0.318726	9.800872	8.589456	0.341100
9.888287	8.437742	0.317459	9.819720	8.596146	0.341200
9.909836	8.444822	0.318701	9.838567	8.602839	0.341300
9.930743	8.451721	0.319309	9.857413	8.609533	0.341400
9.951031	8.458428	0.319077	9.876259	8.616229	0.341500
9.971690	8.465253	0.318761	9.895104	8.622927	0.341600
9.992423	8.472095	0.318327	9.913949	8.629627	0.341700
10.012481	8.478705	0.320497	9.932792	8.636329	0.341800
10.032354	8.485302	0.321798	9.951635	8.643032	0.341900
10.054430	8.492662	0.319268	9.970478	8.649738	0.342000
10.077137	8.500168	0.320783	9.989320	8.656445	0.342100
10.097854	8.507052	0.321392	10.008161	8.663155	0.342200
10.115314	8.512865	0.321863	10.027001	8.669866	0.342300
10.132047	8.518444	0.320731	10.045841	8.676579	0.342400
10.149756	8.524327	0.321393	10.064680	8.683294	0.342500
10.170972	8.531391	0.321208	10.083518	8.690011	0.342600
10.194883	8.539347	0.320566	10.102356	8.696730	0.342700
10.212284	8.545124	0.320171	10.121193	8.703450	0.342800
10.229467	8.550822	0.319190	10.140029	8.710173	0.342900
10.249612	8.557480	0.318252	10.158865	8.716897	0.343000
10.267237	8.563286	0.319467	10.177700	8.723623	0.343100
10.287246	8.569905	0.320121	10.196534	8.730352	0.343200
10.304561	8.575645	0.320981	10.215368	8.737082	0.343300
10.323617	8.581981	0.321492	10.234201	8.743814	0.343400
10.344454	8.588921	0.319600	10.253033	8.750547	0.343500
10.363228	8.595134	0.320061	10.271865	8.757283	0.343600
10.382668	8.601577	0.319489	10.290696	8.764021	0.343700
10.399199	8.607046	0.318216	10.309526	8.770760	0.343800
10.417226	8.612984	0.319966	10.328356	8.777502	0.343900
10.433296	8.618309	0.319616	10.347184	8.784245	0.344000
10.449417	8.623645	0.321206	10.366013	8.790990	0.344100
10.466768	8.629418	0.321185	10.384840	8.797737	0.344200
10.486375	8.635941	0.322378	10.403667	8.804486	0.344300
10.505486	8.642325	0.323677	10.422493	8.811236	0.344400
10.523324	8.648309	0.322293	10.441319	8.817989	0.344500
10.541139	8.654258	0.321396	10.460144	8.824744	0.344600
10.563467	8.661692	0.320830	10.478968	8.831500	0.344700
10.582421	8.667991	0.321313	10.497792	8.838258	0.344800
10.600264	8.673930	0.319664	10.516615	8.845018	0.344900
10.621266	8.680882	0.318880	10.535437	8.851781	0.345000
10.637325	8.686184	0.319641	10.554258	8.858544	0.345100
10.658131	8.693070	0.320842	10.573079	8.865310	0.345200
10.680457	8.700490	0.321759	10.591899	8.872078	0.345300
10.699995	8.707003	0.323206	10.610719	8.878848	0.345400
10.717468	8.712855	0.323450	10.629537	8.885619	0.345500
10.736941	8.719383	0.322560	10.648356	8.892392	0.345600
10.759077	8.726782	0.323132	10.667173	8.899168	0.345700
10.777613	8.732989	0.323278	10.685990	8.905945	0.345800
10.796807	8.739419	0.324218	10.704806	8.912724	0.345900
10.815596	8.745734	0.324999	10.723621	8.919505	0.346000
10.836066	8.752631	0.324684	10.742436	8.926287	0.346100
10.854641	8.758883	0.324464	10.761250	8.933072	0.346200
10.873381	8.765187	0.323622	10.780064	8.939858	0.346300
10.894836	8.772383	0.324206	10.798876	8.946647	0.346400
10.912350	8.778269	0.326063	10.817688	8.953437	0.346500
10.932782	8.785177	0.326457	10.836500	8.960229	0.346600
10.952454	8.791838	0.326419	10.855310	8.967023	0.346700
10.968848	8.797387	0.325372	10.874120	8.973819	0.346800
10.984386	8.802629	0.327609	10.892930	8.980617	0.346900
11.000609	8.808143	0.326866	10.911738	8.987417	0.347000
11.022293	8.815494	0.327906	10.930546	8.994218	0.347100
11.041810	8.822134	0.327396	10.949353	9.001022	0.347200
11.058849	8.827921	0.327440	10.968160	9.007827	0.347300
11.080241	8.835187	0.327301	10.986966	9.014634	0.347400
11.097655	8.841099	0.328990	11.005771	9.021443	0.347500
11.115822	8.847301	0.328674	11.024576	9.028254	0.347600
11.134094	8.853533	0.328781	11.043379	9.035067	0.347700
11.150991	8.859297	0.329727	11.062183	9.041882	0.347800
11.167974	8.865109	0.330917	11.080985	9.048699	0.347900
11.186685	8.871537	0.331329	11.099787	9.055517	0.348000
11.206357	8.878305	0.330971	11.118588	9.062337	0.348100
11.223394	8.884159	0.331300	11.137389	9.069160	0.348200
11.243766	8.891166	0.331876	11.156188	9.075984	0.348300
11.263081	8.897823	0.331308	11.174987	9.082810	0.348400
11.281995	8.904329	0.331661	11.193786	9.089638	0.348500
11.302268	8.911311	0.331527	11.212584	9.096467	0.348600
11.321804	8.918036	0.329754	11.231381	9.103299	0.348700
11.336846	8.923184	0.329301	11.250177	9.110133	0.348800
11.354894	8.929352	0.329104	11.268973	9.116968	0.348900
11.372180	8.935255	0.330280	11.287768	9.123805	0.349000
11.390847	8.941655	0.329737	11.306562	9.130644	0.349100
11.410995	8.948550	0.331103	11.325355	9.137485	0.349200
11.431617	8.955639	0.331056	11.344148	9.144328	0.349300
11.451185	8.962365	0.331881	11.362941	9.151173	0.349400
11.469890	8.968811	0.331451	11.381732	9.158020	0.349500
11.490209	8.975804	0.332664	11.400523	9.164868	0.349600
11.506754	8.981520	0.333043	11.419313	9.171719	0.349700
11.523429	8.987288	0.332632	11.438103	9.178571	0.349800
11.542148	8.993755	0.331867	11.456892	9.185425	0.349900
11.562865	9.000895	0.330139	11.475680	9.192281	0.350000
11.581384	9.007241	0.329925	11.494467	9.199139	0.350100
11.600024	9.013624	0.328422	11.513254	9.205999	0.350200
11.616742	9.019320	0.328547	11.532040	9.212861	0.350300
11.635298	9.025646	0.327847	11.550825	9.219725	0.350400
11.653404	9.031805	0.327823	11.569610	9.226590	0.350500
11.673489	9.038635	0.328295	11.588394	9.233457	0.350600
11.693930	9.045598	0.328770	11.607178	9.240327	0.350700
11.716083	9.053156	0.328804	11.625960	9.247198	0.350800
11.735045	9.059625	0.329766	11.644742	9.254071	0.350900
11.753716	9.066016	0.330719	11.663523	9.260946	0.351000
11.773130	9.072681	0.330869	11.682304	9.267822	0.351100
11.791789	9.079090	0.332362	11.701084	9.274701	0.351200
11.808536	9.084871	0.333328	11.719863	9.281581	0.351300
11.826914	9.091234	0.332719	11.738642	9.288464	0.351400
11.846084	9.097859	0.333729	11.757419	9.295348	0.351500
11.864424	9.104217	0.334130	11.776197	9.302234	0.351600
11.885746	9.111619	0.332931	11.794973	9.309122	0.351700
11.902908	9.117554	0.332806	11.813749	9.316012	0.351800
11.919078	9.123143	0.334291	11.832524	9.322904	0.351900
11.941429	9.130906	0.335372	11.851298	9.329797	0.352000
11.959650	9.137257	0.335038	11.870072	9.336693	0.352100
11.981533	9.144876	0.335948	11.888845	9.343590	0.352200
12.003280	9.152469	0.337088	11.907617	9.350490	0.352300
12.022584	9.159235	0.336228	11.926389	9.357391	0.352400
12.044553	9.166913	0.336716	11.945160	9.364294	0.352500
12.064182	9.173784	0.336533	11.963930	9.371199	0.352600
12.080182	9.179381	0.337083	11.982700	9.378106	0.352700
12.097056	9.185295	0.337332	12.001469	9.385014	0.352800
12.114058	9.191258	0.336797	12.020237	9.391925	0.352900
12.132922	9.197863	0.334657	12.039004	9.398837	0.353000
12.152772	9.204766	0.335012	12.057771	9.405751	0.353100
12.171420	9.211258	0.334936	12.076537	9.412668	0.353200
12.188697	9.217271	0.333882	12.095303	9.419586	0.353300
12.208019	9.223973	0.333589	12.114067	9.426506	0.353400
12.229925	9.231565	0.332757	12.132831	9.433427	0.353500
12.251551	9.239039	0.331993	12.151595	9.440351	0.353600
12.270320	9.245509	0.330436	12.170357	9.447277	0.353700
12.288837	9.251861	0.330187	12.189119	9.454204	0.353800
12.309116	9.258811	0.329562	12.207881	9.461133	0.353900
12.329196	9.265679	0.328430	12.226641	9.468064	0.354000
12.346400	9.271542	0.328777	12.245401	9.474997	0.354100
12.367102	9.278605	0.329224	12.264160	9.481932	0.354200
12.389278	9.286181	0.330018	12.282919	9.488869	0.354300
12.407609	9.292460	0.331027	12.301676	9.495808	0.354400
12.427920	9.299440	0.332104	12.320434	9.502748	0.354500
12.442596	9.304502	0.331736	12.339190	9.509691	0.354600
12.463820	9.311813	0.331959	12.357946	9.516635	0.354700
12.482695	9.318320	0.332914	12.376701	9.523581	0.354800
12.503912	9.325656	0.333665	12.395455	9.530529	0.354900
12.521737	9.331835	0.331965	12.414209	9.537479	0.355000
12.540739	9.338385	0.333271	12.432962	9.544431	0.355100
12.561021	9.345406	0.334777	12.451714	9.551385	0.355200
12.580677	9.352244	0.335023	12.470465	9.558340	0.355300
12.601734	9.359575	0.336822	12.489216	9.565298	0.355400
12.619413	9.365765	0.338075	12.507966	9.572257	0.355500
12.638981	9.372645	0.339139	12.526716	9.579218	0.355600
12.660061	9.380082	0.338548	12.545465	9.586181	0.355700
12.681259	9.387545	0.338606	12.564213	9.593146	0.355800
12.702860	9.395153	0.338794	12.582960	9.600113	0.355900
12.719004	9.400842	0.337886	12.601707	9.607082	0.356000
12.738555	9.407711	0.339485	12.620453	9.614052	0.356100
12.757644	9.414452	0.338567	12.639198	9.621025	0.356200
12.778654	9.421851	0.338819	12.657942	9.627999	0.356300
12.799128	9.429066	0.339707	12.676686	9.634975	0.356400
12.815062	9.434697	0.338529	12.695429	9.641953	0.356500
12.835187	9.441782	0.338559	12.714172	9.648933	0.356600
12.854521	9.448590	0.339063	12.732914	9.655915	0.356700
12.868973	9.453687	0.339816	12.751655	9.662899	0.356800
12.891058	9.461495	0.338515	12.770395	9.669884	0.356900
12.908327	9.467575	0.337679	12.789135	9.676872	0.357000
12.930792	9.475463	0.337308	12.807874	9.683861	0.357100
12.948930	9.481824	0.339965	12.826612	9.690852	0.357200
12.968373	9.488701	0.339084	12.845350	9.697845	0.357300
12.986059	9.494939	0.339118	12.864087	9.704840	0.357400
13.004198	9.501337	0.338480	12.882823	9.711837	0.357500
13.020384	9.507035	0.338377	12.901558	9.718836	0.357600
13.038611	9.513450	0.339676	12.920293	9.725836	0.357700
13.057540	9.520139	0.341427	12.939027	9.732839	0.357800
13.078089	9.527441	0.340959	12.957761	9.739843	0.357900
13.098327	9.534621	0.339724	12.976493	9.746849	0.358000
13.115286	9.540615	0.341197	12.995225	9.753857	0.358100
13.136511	9.548152	0.341466	13.013957	9.760867	0.358200
13.158010	9.555792	0.342178	13.032687	9.767879	0.358300
13.175496	9.562021	0.342901	13.051417	9.774892	0.358400
13.196034	9.569353	0.343208	13.070146	9.781908	0.358500
13.214505	9.575953	0.344329	13.088875	9.788925	0.358600
13.233730	9.582848	0.344222	13.107602	9.795945	0.358700
13.251538	9.589232	0.345644	13.126330	9.802966	0.358800
13.269369	9.595653	0.346221	13.145056	9.809989	0.358900
13.290450	9.603258	0.347613	13.163782	9.817014	0.359000
13.306953	9.609237	0.347454	13.182507	9.824040	0.359100
13.326768	9.616413	0.347571	13.201231	9.831069	0.359200
13.340803	9.621498	0.348956	13.219954	9.838100	0.359300
13.361189	9.628915	0.349064	13.238677	9.845132	0.359400
13.376174	9.634369	0.347691	13.257399	9.852166	0.359500
13.394396	9.640973	0.346641	13.276121	9.859202	0.359600
13.417912	9.649468	0.344611	13.294842	9.866240	0.359700
13.436724	9.656220	0.346231	13.313562	9.873280	0.359800
13.459573	9.664463	0.346824	13.332281	9.880322	0.359900
13.483984	9.673286	0.347367	13.351000	9.887366	0.360000
13.500982	9.679440	0.347674	13.369718	9.894411	0.360100
13.520506	9.686515	0.347423	13.388435	9.901458	0.360200
13.538426	9.693004	0.347831	13.407151	9.908508	0.360300
13.558162	9.700160	0.346173	13.425867	9.915559	0.360400
13.577416	9.707105	0.348401	13.444582	9.922612	0.360500
13.595076	9.713520	0.347094	13.463297	9.929667	0.360600
13.611629	9.719507	0.347179	13.482010	9.936723	0.360700
13.628653	9.725667	0.347233	13.500723	9.943782	0.360800
13.648089	9.732701	0.346862	13.519436	9.950842	0.360900
13.668895	9.740222	0.348132	13.538147	9.957905	0.361000
13.687852	9.747102	0.348251	13.556858	9.964969	0.361100
13.707081	9.754083	0.347334	13.575568	9.972035	0.361200
13.728597	9.761872	0.345909	13.594278	9.979103	0.361300
13.745761	9.768058	0.345844	13.612987	9.986173	0.361400
13.765166	9.775050	0.345363	13.631695	9.993244	0.361500
13.784618	9.782048	0.345236	13.650402	10.000318	0.361600
13.800331	9.787699	0.343102	13.669109	10.007393	0.361700
13.817637	9.793881	0.341977	13.687815	10.014471	0.361800
13.836059	9.800439	0.342154	13.706520	10.021550	0.361900
13.854770	9.807103	0.341444	13.725224	10.028631	0.362000
13.871543	9.813064	0.343497	13.743928	10.035714	0.362100
13.889617	9.819528	0.343835	13.762631	10.042798	0.362200
13.911036	9.827198	0.344335	13.781334	10.049885	0.362300
13.929715	9.833896	0.343195	13.800035	10.056974	0.362400
13.952504	9.842039	0.342068	13.818736	10.064064	0.362500
13.968997	9.847912	0.341566	13.837437	10.071156	0.362600
13.987194	9.854381	0.340906	13.856136	10.078250	0.362700
14.000782	9.859201	0.341467	13.874835	10.085346	0.362800
14.019857	9.865981	0.339602	13.893533	10.092444	0.362900
14.036996	9.872036	0.339609	13.912231	10.099544	0.363000
14.058920	9.879781	0.338303	13.930927	10.106646	0.363100
14.080586	9.887404	0.336028	13.949623	10.113749	0.363200
14.099719	9.894087	0.338134	13.968319	10.120854	0.363300
14.116510	9.899991	0.339432	13.987013	10.127962	0.363400
14.133491	9.905987	0.340738	14.005707	10.135071	0.363500
14.147423	9.910927	0.341049	14.024400	10.142182	0.363600
14.165122	9.917209	0.340836	14.043093	10.149295	0.363700
14.182555	9.923392	0.341557	14.061784	10.156409	0.363800
14.201633	9.930174	0.341411	14.080475	10.163526	0.363900
14.221268	9.937150	0.342334	14.099166	10.170644	0.364000
14.241033	9.944194	0.342753	14.117855	10.177765	0.364100
14.262150	9.951729	0.342569	14.136544	10.184887	0.364200
14.281921	9.958780	0.342415	14.155232	10.192011	0.364300
14.299443	9.965026	0.342258	14.173920	10.199137	0.364400
14.320942	9.972686	0.341790	14.192607	10.206264	0.364500
14.336457	9.978205	0.342069	14.211293	10.213394	0.364600
14.352844	9.984040	0.343268	14.229978	10.220526	0.364700
14.368615	9.989677	0.344353	14.248663	10.227659	0.364800
14.389914	9.997316	0.344363	14.267346	10.234794	0.364900
14.410157	10.004576	0.344521	14.286030	10.241931	0.365000
14.432656	10.012649	0.345570	14.304712	10.249070	0.365100
14.449906	10.018859	0.344105	14.323394	10.256211	0.365200
14.466783	10.024908	0.345376	14.342075	10.263354	0.365300
14.486806	10.032112	0.346809	14.360755	10.270498	0.365400
14.503379	10.038102	0.348412	14.379435	10.277645	0.365500
14.524416	10.045743	0.348443	14.398114	10.284793	0.365600
14.543941	10.052836	0.349108	14.416792	10.291943	0.365700
14.565475	10.060674	0.349346	14.435469	10.299095	0.365800
14.581694	10.066583	0.348664	14.454146	10.306249	0.365900
14.600069	10.073262	0.350753	14.472822	10.313405	0.366000
14.619859	10.080503	0.350128	14.491498	10.320563	0.366100
14.638995	10.087491	0.350450	14.510172	10.327722	0.366200
14.660041	10.095184	0.350543	14.528846	10.334884	0.366300
14.679454	10.102282	0.350221	14.547519	10.342047	0.366400
14.702321	10.110635	0.351896	14.566192	10.349212	0.366500
14.723564	10.118435	0.351023	14.584864	10.356379	0.366600
14.739381	10.124227	0.353181	14.603535	10.363548	0.366700
14.758349	10.131220	0.352090	14.622205	10.370719	0.366800
14.780102	10.139212	0.352410	14.640874	10.377891	0.366900
14.799218	10.146242	0.352196	14.659543	10.385066	0.367000
14.817901	10.153108	0.353223	14.678211	10.392242	0.367100
14.833793	10.158967	0.352561	14.696879	10.399420	0.367200
14.854641	10.166638	0.354150	14.715546	10.406601	0.367300
14.872789	10.173348	0.354218	14.734212	10.413782	0.367400
14.892892	10.180782	0.354417	14.752877	10.420966	0.367500
14.911838	10.187793	0.354672	14.771542	10.428152	0.367600
14.932087	10.195292	0.355594	14.790205	10.435339	0.367700
14.949124	10.201619	0.355214	14.808868	10.442529	0.367800
14.971323	10.209854	0.354973	14.827531	10.449720	0.367900
14.990426	10.216935	0.354966	14.846193	10.456913	0.368000
15.012444	10.225096	0.354631	14.864854	10.464108	0.368100
15.032208	10.232415	0.354035	14.883514	10.471305	0.368200
15.048700	10.238510	0.354290	14.902173	10.478504	0.368300
15.067577	10.245493	0.355669	14.920832	10.485704	0.368400
15.083984	10.251588	0.356190	14.939490	10.492907	0.368500
15.104265	10.259133	0.356721	14.958148	10.500111	0.368600
15.124282	10.266593	0.355911	14.976804	10.507317	0.368700
15.141717	10.273074	0.355019	14.995460	10.514526	0.368800
15.157213	10.278819	0.355782	15.014115	10.521735	0.368900
15.178038	10.286557	0.354781	15.032770	10.528947	0.369000
15.196471	10.293386	0.355081	15.051424	10.536161	0.369100
15.214135	10.299936	0.355127	15.070077	10.543376	0.369200
15.234432	10.307463	0.354146	15.088729	10.550594	0.369300
15.254813	10.314998	0.352572	15.107381	10.557813	0.369400
15.272916	10.321659	0.351343	15.126032	10.565034	0.369500
15.291505	10.328473	0.353653	15.144682	10.572257	0.369600
15.308654	10.334804	0.353821	15.163331	10.579482	0.369700
15.329268	10.342418	0.352276	15.181980	10.586709	0.369800
15.346677	10.348818	0.353196	15.200628	10.593937	0.369900
15.365823	10.355876	0.354088	15.219275	10.601168	0.370000
15.382927	10.362199	0.353140	15.237922	10.608400	0.370100
15.400545	10.368693	0.354188	15.256568	10.615634	0.370200
15.418782	10.375437	0.355313	15.275213	10.622870	0.370300
15.439083	10.382969	0.355825	15.293857	10.630108	0.370400
15.455583	10.389101	0.354231	15.312501	10.637348	0.370500
15.472392	10.395318	0.354097	15.331144	10.644590	0.370600
15.489454	10.401625	0.354252	15.349786	10.651833	0.370700
15.507506	10.408302	0.353750	15.368427	10.659078	0.370800
15.526077	10.415160	0.354915	15.387068	10.666326	0.370900
15.542742	10.421336	0.355412	15.405708	10.673575	0.371000
15.561138	10.428164	0.355983	15.424347	10.680826	0.371100
15.581327	10.435671	0.356318	15.442986	10.688079	0.371200
15.598989	10.442245	0.357876	15.461624	10.695333	0.371300
15.615808	10.448535	0.358779	15.480261	10.702590	0.371400
15.634199	10.455432	0.357822	15.498897	10.709848	0.371500
15.653493	10.462646	0.356435	15.517533	10.717108	0.371600
15.671475	10.469341	0.353219	15.536168	10.724371	0.371700
15.687562	10.475273	0.352016	15.554802	10.731635	0.371800
15.708629	10.483011	0.352833	15.573436	10.738900	0.371900
15.727886	10.490102	0.351906	15.592068	10.746168	0.372000
15.747547	10.497321	0.350200	15.610700	10.753438	0.372100
15.767185	10.504494	0.349561	15.629332	10.760709	0.372200
15.783080	10.510288	0.347839	15.647962	10.767982	0.372300
15.800579	10.516633	0.347512	15.666592	10.775258	0.372400
15.819896	10.523630	0.347252	15.685221	10.782535	0.372500
15.838814	10.530477	0.347127	15.703850	10.789814	0.372600
15.861613	10.538725	0.346751	15.722477	10.797094	0.372700
15.881255	10.545822	0.346573	15.741104	10.804377	0.372800
15.899960	10.552578	0.345733	15.759731	10.811661	0.372900
15.918994	10.559434	0.346094	15.778356	10.818948	0.373000
15.939794	10.566935	0.346657	15.796981	10.826236	0.373100
15.960785	10.574518	0.348887	15.815605	10.833526	0.373200
15.981181	10.581937	0.349345	15.834228	10.840818	0.373300
15.997197	10.587771	0.351936	15.852851	10.848112	0.373400
16.012335	10.593330	0.353257	15.871473	10.855408	0.373500
16.032267	10.600680	0.354112	15.890094	10.862705	0.373600
16.051717	10.607870	0.355319	15.908714	10.870004	0.373700
16.072795	10.615692	0.354710	15.927334	10.877306	0.373800
16.093558	10.623382	0.354032	15.945953	10.884609	0.373900
16.109837	10.629399	0.354168	15.964571	10.891914	0.374000
16.127838	10.636055	0.354649	15.983188	10.899221	0.374100
16.148329	10.643642	0.352998	16.001805	10.906529	0.374200
16.166079	10.650182	0.352406	16.020421	10.913840	0.374300
16.182688	10.656290	0.351528	16.039036	10.921152	0.374400
16.200323	10.662758	0.351135	16.057651	10.928467	0.374500
16.218690	10.669486	0.350126	16.076265	10.935783	0.374600
16.240677	10.677515	0.349696	16.094878	10.943101	0.374700
16.259166	10.684258	0.350715	16.113490	10.950421	0.374800
16.278286	10.691253	0.351436	16.132102	10.957742	0.374900
16.295256	10.697475	0.351571	16.150713	10.965066	0.375000
16.315332	10.704839	0.351277	16.169323	10.972391	0.375100
16.332444	10.711110	0.351595	16.187932	10.979719	0.375200
16.350535	10.717746	0.352345	16.206541	10.987048	0.375300
16.366309	10.723546	0.352746	16.225149	10.994379	0.375400
16.386496	10.730978	0.353336	16.243756	11.001712	0.375500
16.404153	10.737490	0.353081	16.262363	11.009047	0.375600
16.423816	10.744736	0.352311	16.280968	11.016383	0.375700
16.443726	10.752057	0.352878	16.299573	11.023722	0.375800
16.462035	10.758800	0.353193	16.318178	11.031062	0.375900
16.481101	10.765828	0.353590	16.336781	11.038404	0.376000
16.497568	10.771906	0.353502	16.355384	11.045748	0.376100
16.516642	10.778944	0.356647	16.373986	11.053094	0.376200
16.540603	10.787872	0.356460	16.392588	11.060442	0.376300
16.557180	10.794045	0.355889	16.411188	11.067792	0.376400
16.575931	10.801015	0.354998	16.429788	11.075143	0.376500
16.595850	10.808399	0.355187	16.448387	11.082496	0.376600
16.614958	10.815486	0.354158	16.466986	11.089852	0.376700
16.633391	10.822302	0.351942	16.485583	11.097209	0.376800
16.652752	10.829412	0.350204	16.504180	11.104568	0.376900
16.672361	10.836574	0.349700	16.522776	11.111928	0.377000
16.691025	10.843381	0.350309	16.541372	11.119291	0.377100
16.705632	10.848718	0.351750	16.559967	11.126656	0.377200
16.723295	10.855200	0.352344	16.578561	11.134022	0.377300
16.742664	10.862322	0.352554	16.597154	11.141390	0.377400
16.759571	10.868543	0.352612	16.615746	11.148760	0.377500
16.776345	10.874715	0.354030	16.634338	11.156132	0.377600
16.793752	10.881149	0.354316	16.652929	11.163506	0.377700
16.812286	10.888005	0.352959	16.671519	11.170882	0.377800
16.831579	10.895112	0.353478	16.690109	11.178259	0.377900
16.850454	10.902077	0.353109	16.708698	11.185639	0.378000
16.871046	10.909666	0.353202	16.727286	11.193020	0.378100
16.891097	10.917058	0.353925	16.745873	11.200403	0.378200
16.910716	10.924307	0.352429	16.764460	11.207788	0.378300
16.932437	10.932296	0.352919	16.783046	11.215175	0.378400
16.950113	10.938806	0.355155	16.801631	11.222563	0.378500
16.967303	10.945182	0.354191	16.820215	11.229954	0.378600
16.985419	10.951881	0.352512	16.838799	11.237346	0.378700
17.005057	10.959105	0.355126	16.857382	11.244741	0.378800
17.026213	10.966951	0.354882	16.875964	11.252137	0.378900
17.043806	10.973470	0.355119	16.894546	11.259535	0.379000
17.066989	10.982068	0.355133	16.913126	11.266935	0.379100
17.086608	10.989344	0.355449	16.931706	11.274336	0.379200
17.104165	10.995861	0.354745	16.950285	11.281740	0.379300
17.119938	11.001704	0.354948	16.968864	11.289145	0.379400
17.139896	11.009101	0.352942	16.987442	11.296553	0.379500
17.160616	11.016733	0.354747	17.006019	11.303962	0.379600
17.177669	11.023050	0.352981	17.024595	11.311373	0.379700
17.196959	11.030157	0.353089	17.043170	11.318785	0.379800
17.218132	11.037960	0.354596	17.061745	11.326200	0.379900
17.236772	11.044861	0.353335	17.080319	11.333617	0.380000
17.252838	11.050786	0.355063	17.098893	11.341035	0.380100
17.274971	11.058993	0.355763	17.117465	11.348455	0.380200
17.292610	11.065547	0.356362	17.136037	11.355878	0.380300
17.311259	11.072489	0.356099	17.154608	11.363301	0.380400
17.329626	11.079321	0.354635	17.173178	11.370727	0.380500
17.349631	11.086728	0.355789	17.191748	11.378155	0.380600
17.367622	11.093414	0.355765	17.210317	11.385585	0.380700
17.384801	11.099797	0.357465	17.228885	11.393016	0.380800
17.404502	11.107156	0.358526	17.247452	11.400449	0.380900
17.418997	11.112587	0.359779	17.266019	11.407884	0.381000
17.436610	11.119212	0.359248	17.284585	11.415321	0.381100
17.455569	11.126332	0.360130	17.303150	11.422760	0.381200
17.472744	11.132800	0.358681	17.321714	11.430201	0.381300
17.490742	11.139547	0.357858	17.340278	11.437643	0.381400
17.510426	11.146908	0.356858	17.358841	11.445088	0.381500
17.529708	11.154097	0.357431	17.377403	11.452534	0.381600
17.546189	11.160252	0.358080	17.395964	11.459982	0.381700
17.562623	11.166402	0.357709	17.414525	11.467432	0.381800
17.579336	11.172649	0.359244	17.433085	11.474884	0.381900
17.598787	11.179954	0.361195	17.451644	11.482338	0.382000
17.618626	11.187448	0.360481	17.470202	11.489793	0.382100
17.637911	11.194718	0.362943	17.488760	11.497251	0.382200
17.657275	11.202072	0.363493	17.507317	11.504710	0.382300
17.676114	11.209238	0.362269	17.525873	11.512171	0.382400
17.694630	11.216255	0.362059	17.544429	11.519634	0.382500
17.712471	11.223013	0.361722	17.562983	11.527099	0.382600
17.732789	11.230700	0.360591	17.581537	11.534565	0.382700
17.750457	11.237363	0.360104	17.600090	11.542034	0.382800
17.766521	11.243411	0.361751	17.618643	11.549504	0.382900
17.787165	11.251223	0.361265	17.637195	11.556977	0.383000
17.805540	11.258166	0.361577	17.655745	11.564451	0.383100
17.825353	11.265659	0.362439	17.674296	11.571927	0.383200
17.848149	11.274303	0.362748	17.692845	11.579404	0.383300
17.863270	11.280042	0.362001	17.711394	11.586884	0.383400
17.878738	11.285900	0.361650	17.729942	11.594366	0.383500
17.898714	11.293456	0.361316	17.748489	11.601849	0.383600
17.918813	11.301052	0.362366	17.767036	11.609334	0.383700
17.935963	11.307554	0.361878	17.785581	11.616821	0.383800
17.956015	11.315144	0.362395	17.804126	11.624310	0.383900
17.976623	11.322958	0.363065	17.822670	11.631801	0.384000
17.995580	11.330159	0.364209	17.841214	11.639294	0.384100
18.013554	11.337011	0.363200	17.859757	11.646788	0.384200
18.031224	11.343727	0.362562	17.878299	11.654285	0.384300
18.051334	11.351355	0.361652	17.896840	11.661783	0.384400
18.069289	11.358148	0.360000	17.915380	11.669283	0.384500
18.087674	11.365068	0.358856	17.933920	11.676785	0.384600
18.106620	11.372175	0.358897	17.952459	11.684288	0.384700
18.126613	11.379675	0.357395	17.970997	11.691794	0.384800
18.143981	11.386160	0.357985	17.989535	11.699302	0.384900
18.161719	11.392796	0.357703	18.008071	11.706811	0.385000
18.177917	11.398851	0.357219	18.026607	11.714322	0.385100
18.191673	11.403985	0.357987	18.045143	11.721835	0.385200
18.208711	11.410359	0.357372	18.063677	11.729350	0.385300
18.224616	11.416298	0.356802	18.082211	11.736867	0.385400
18.241068	11.422430	0.357939	18.100744	11.744385	0.385500
18.258595	11.428987	0.358614	18.119276	11.751906	0.385600
18.276593	11.435733	0.359882	18.137807	11.759428	0.385700
18.295311	11.442775	0.360270	18.156338	11.766952	0.385800
18.313525	11.449637	0.360010	18.174868	11.774478	0.385900
18.334027	11.457354	0.359859	18.193397	11.782006	0.386000
18.350173	11.463429	0.360145	18.211926	11.789536	0.386100
18.367728	11.470040	0.360355	18.230453	11.797067	0.386200
18.386854	11.477247	0.359752	18.248980	11.804601	0.386300
18.404021	11.483703	0.359580	18.267507	11.812136	0.386400
18.419554	11.489543	0.359938	18.286032	11.819673	0.386500
18.440979	11.497605	0.360674	18.304557	11.827212	0.386600
18.460212	11.504860	0.361259	18.323081	11.834753	0.386700
18.478462	11.511755	0.361636	18.341604	11.842296	0.386800
18.496424	11.518550	0.361352	18.360126	11.849840	0.386900
18.516648	11.526193	0.362166	18.378648	11.857387	0.387000
18.535635	11.533387	0.362055	18.397169	11.864935	0.387100
18.556367	11.541239	0.360770	18.415689	11.872485	0.387200
18.576417	11.548804	0.359961	18.434208	11.880037	0.387300
18.596160	11.556234	0.359480	18.452727	11.887591	0.387400
18.615822	11.563623	0.359441	18.471245	11.895146	0.387500
18.638952	11.572315	0.359390	18.489762	11.902704	0.387600
18.659571	11.580062	0.360109	18.508278	11.910263	0.387700
18.681685	11.588388	0.360434	18.526794	11.917824	0.387800
18.700744	11.595572	0.359924	18.545309	11.925387	0.387900
18.719758	11.602727	0.360100	18.563823	11.932952	0.388000
18.735415	11.608622	0.361586	18.582336	11.940519	0.388100
18.755577	11.616247	0.361354	18.600849	11.948088	0.388200
18.772888	11.622790	0.359866	18.619361	11.955658	0.388300
18.790520	11.629424	0.360043	18.637872	11.963231	0.388400
18.805926	11.635224	0.361551	18.656382	11.970805	0.388500
18.822609	11.641533	0.361400	18.674892	11.978381	0.388600
18.842889	11.649199	0.362444	18.693400	11.985959	0.388700
18.860198	11.655762	0.362979	18.711909	11.993538	0.388800
18.878010	11.662528	0.360989	18.730416	12.001120	0.388900
18.898475	11.670254	0.360819	18.748922	12.008703	0.389000
18.921189	11.678824	0.360392	18.767428	12.016289	0.389100
18.939252	11.685632	0.359728	18.785933	12.023876	0.389200
18.960565	11.693647	0.360170	18.804437	12.031465	0.389300
18.978695	11.700475	0.362306	18.822941	12.039055	0.389400
18.999357	11.708307	0.363814	18.841444	12.046648	0.389500
19.017493	11.715212	0.363996	18.859946	12.054243	0.389600
19.036717	11.722536	0.364334	18.878447	12.061839	0.389700
19.054014	11.729132	0.365348	18.896947	12.069437	0.389800
19.071112	11.735672	0.367839	18.915447	12.077037	0.389900
19.090479	11.743136	0.368726	18.933946	12.084639	0.390000
19.107339	11.749651	0.367243	18.952444	12.092243	0.390100
19.127408	11.757371	0.368229	18.970942	12.099849	0.390200
19.143131	11.763438	0.367624	18.989438	12.107456	0.390300
19.162534	11.770910	0.367482	19.007934	12.115065	0.390400
19.181816	11.778333	0.367846	19.026429	12.122677	0.390500
19.202537	11.786319	0.366934	19.044924	12.130290	0.390600
19.219992	11.793027	0.366450	19.063417	12.137904	0.390700
19.239902	11.800669	0.366429	19.081910	12.145521	0.390800
19.254748	11.806366	0.368209	19.100402	12.153140	0.390900
19.271548	11.812847	0.369094	19.118894	12.160760	0.391000
19.292589	11.820987	0.367835	19.137384	12.168382	0.391100
19.310402	11.827851	0.367765	19.155874	12.176006	0.391200
19.330647	11.835652	0.368250	19.174363	12.183632	0.391300
19.349007	11.842736	0.368236	19.192851	12.191260	0.391400
19.365465	11.849086	0.368049	19.211339	12.198890	0.391500
19.385151	11.856677	0.368552	19.229825	12.206521	0.391600
19.406308	11.864848	0.367846	19.248311	12.214155	0.391700
19.424634	11.871911	0.368595	19.266797	12.221790	0.391800
19.443597	11.879235	0.368334	19.285281	12.229427	0.391900
19.459982	11.885559	0.367017	19.303765	12.237066	0.392000
19.478915	11.892838	0.369597	19.322248	12.244707	0.392100
19.496247	11.899552	0.369065	19.340730	12.252349	0.392200
19.513215	11.906115	0.370281	19.359211	12.259994	0.392300
19.535540	11.914781	0.369589	19.377692	12.267640	0.392400
19.551916	11.921125	0.368892	19.396172	12.275288	0.392500
19.571521	11.928704	0.368773	19.414651	12.282938	0.392600
19.591227	11.936320	0.368066	19.433129	12.290590	0.392700
19.609931	11.943532	0.369805	19.451607	12.298244	0.392800
19.629789	11.951230	0.370407	19.470084	12.305899	0.392900
19.650176	11.959147	0.370891	19.488560	12.313557	0.393000
19.668355	11.966217	0.372074	19.507035	12.321216	0.393100
19.687730	11.973778	0.371045	19.525510	12.328877	0.393200
19.708606	11.981900	0.371505	19.543983	12.336540	0.393300
19.730545	11.990447	0.371172	19.562456	12.344205	0.393400
19.747537	11.997061	0.369898	19.580929	12.351871	0.393500
19.766016	12.004226	0.370729	19.599400	12.359540	0.393600
19.786872	12.012333	0.369953	19.617871	12.367210	0.393700
19.801834	12.018135	0.369183	19.636341	12.374882	0.393800
19.818870	12.024727	0.369051	19.654810	12.382556	0.393900
19.836924	12.031709	0.369488	19.673278	12.390232	0.394000
19.855614	12.038948	0.369161	19.691746	12.397910	0.394100
19.879111	12.048039	0.368792	19.710213	12.405589	0.394200
19.901769	12.056795	0.367767	19.728679	12.413271	0.394300
19.921321	12.064329	0.368154	19.747144	12.420954	0.394400
19.939658	12.071402	0.367283	19.765609	12.428639	0.394500
19.960285	12.079338	0.369790	19.784072	12.436326	0.394600
19.979163	12.086656	0.370112	19.802535	12.444015	0.394700
19.998517	12.094165	0.368621	19.820998	12.451705	0.394800
20.015313	12.100653	0.368808	19.839459	12.459398	0.394900
20.034236	12.107966	0.369335	19.857920	12.467092	0.395000
20.051119	12.114502	0.370830	19.876380	12.474788	0.395100
20.068905	12.121417	0.373398	19.894839	12.482486	0.395200
20.086325	12.128242	0.373452	19.913297	12.490186	0.395300
20.107240	12.136437	0.373815	19.931755	12.497888	0.395400
20.126148	12.143854	0.373743	19.950212	12.505591	0.395500
20.143555	12.150681	0.372982	19.968668	12.513297	0.395600
20.163581	12.158517	0.372632	19.987123	12.521004	0.395700
20.182180	12.165787	0.372942	20.005578	12.528713	0.395800
20.202166	12.173607	0.374837	20.024031	12.536424	0.395900
20.221636	12.181267	0.375416	20.042484	12.544137	0.396000
20.240489	12.188697	0.376054	20.060937	12.551851	0.396100
20.257262	12.195320	0.377232	20.079388	12.559568	0.396200
20.273822	12.201881	0.376664	20.097839	12.567286	0.396300
20.293639	12.209719	0.375661	20.116289	12.575006	0.396400
20.314207	12.217831	0.376332	20.134738	12.582728	0.396500
20.334592	12.225887	0.375977	20.153186	12.590452	0.396600
20.351911	12.232724	0.376247	20.171634	12.598178	0.396700
20.370495	12.240066	0.375855	20.190081	12.605905	0.396800
20.389911	12.247727	0.375976	20.208527	12.613635	0.396900
20.408013	12.254873	0.376548	20.226972	12.621366	0.397000
20.429241	12.263267	0.374845	20.245416	12.629099	0.397100
20.448711	12.270928	0.375025	20.263860	12.636834	0.397200
20.467148	12.278185	0.375357	20.282303	12.644571	0.397300
20.484281	12.284936	0.375525	20.300745	12.652309	0.397400
20.505349	12.293242	0.376584	20.319187	12.660050	0.397500
20.525484	12.301205	0.376406	20.337627	12.667792	0.397600
20.546112	12.309358	0.374852	20.356067	12.675536	0.397700
20.561930	12.315582	0.376449	20.374506	12.683282	0.397800
20.581497	12.323317	0.377171	20.392945	12.691030	0.397900
20.601927	12.331410	0.378375	20.411382	12.698780	0.398000
20.619468	12.338382	0.380039	20.429819	12.706531	0.398100
20.639158	12.346248	0.379927	20.448255	12.714285	0.398200
20.656850	12.353313	0.379725	20.466690	12.722040	0.398300
20.675041	12.360573	0.380198	20.485125	12.729797	0.398400
20.694687	12.368424	0.381791	20.503558	12.737556	0.398500
20.710620	12.374821	0.381829	20.521991	12.745316	0.398600
20.727468	12.381586	0.382709	20.540423	12.753079	0.398700
20.745857	12.388989	0.381798	20.558855	12.760843	0.398800
20.762932	12.395844	0.381081	20.577285	12.768610	0.398900
20.781402	12.403245	0.381809	20.595715	12.776378	0.399000
20.799435	12.410485	0.383109	20.614144	12.784148	0.399100
20.818616	12.418215	0.382860	20.632572	12.791919	0.399200
20.836058	12.425240	0.382994	20.651000	12.799693	0.399300
20.855520	12.433081	0.383250	20.669426	12.807469	0.399400
20.874951	12.440915	0.382833	20.687852	12.815246	0.399500
20.896368	12.449540	0.382043	20.706277	12.823025	0.399600
20.918356	12.458374	0.382066	20.724702	12.830806	0.399700
20.939612	12.466915	0.381948	20.743125	12.838589	0.399800
20.958770	12.474610	0.382858	20.761548	12.846374	0.399900
20.976955	12.481934	0.384105	20.779970	12.854160	0.400000
20.996661	12.489899	0.384661	20.798391	12.861948	0.400100
