5.000000	-9.970000	
5.000000	-9.670000	
5.000000	-9.370000	
5.000000	-9.070000	
5.000000	-8.770000	
5.000000	-8.470000	
5.000000	-8.170000	
5.000000	-7.870000	
5.000000	-7.570000	
5.000000	-7.270000	
5.000000	-6.970000	
5.000000	-6.670000	
5.000000	-6.370000	
5.000000	-6.070000	
5.000000	-5.770000	
5.000000	-5.470000	
5.000000	-5.170000	
5.000000	-4.870000	
5.000000	-4.570000	
5.000000	-4.270000	
5.000000	-3.970000	
5.000000	-3.670000	
5.000000	-3.370000	
5.000000	-3.070000	
5.000000	-2.770000	
5.000000	-2.470000	
5.000000	-2.170000	
5.000000	-1.870000	
5.000000	-1.570000	
5.000000	-1.270000	
5.000000	-0.970000	
5.000000	-0.670000	
5.000000	-0.370000	
5.000000	-0.070000	
5.000000	0.230000	
5.000000	0.530000	
5.000000	0.830000	
5.000000	1.130000	
5.000000	1.430000	
5.000000	1.730000	
5.000000	2.030000	
5.000000	2.330000	
5.000000	2.630000	
5.000000	2.930000	
5.000000	3.230000	
5.000000	3.530000	
5.000000	3.830000	
5.000000	4.130000	
5.000000	4.430000	
5.000000	4.730000	
5.000000	5.030000	
5.000000	5.330000	
5.000000	5.630000	
5.000000	5.930000	
5.000000	6.230000	
5.000000	6.530000	
5.000000	6.830000	
5.000000	7.130000	
5.000000	7.430000	
5.000000	7.730000	
5.000000	8.030000	
5.000000	8.330000	
5.000000	8.630000	
5.000000	8.930000	
5.000000	9.230000	
5.000000	9.530000	
5.000000	9.830000	
5.000000	10.130000	
5.000000	10.430000	
5.000000	10.730000	
5.000000	11.030000	
5.000000	11.330000	
5.000000	11.630000	
5.000000	11.930000	
5.000000	12.230000	
5.000000	12.530000	
5.000000	12.830000	
5.000000	13.130000	
5.000000	13.430000	
5.000000	13.730000	
5.000000	14.030000	
5.000000	14.330000	
5.000000	14.630000	
5.000000	14.930000	
5.000000	15.230000	
5.000000	15.530000	
5.000000	15.830000	
5.000000	16.130000	
5.000000	16.430000	
5.000000	16.730000	
5.000000	17.030000	
5.000000	17.330000	
5.000000	17.630000	
5.000000	17.930000	
5.000000	18.230000	
5.000000	18.530000	
5.000000	18.830000	
5.000000	19.130000	
5.000000	19.430000	
5.000000	19.730000	
5.000000	20.030000	
